x <- c(10.4, 5.6, 3.1, 6.4, 21.7)

1/x
